5.912672045562411682e+01 3.227337446606549642e-01 3.806359753203607088e+00 2.668248694826768030e+01 3.322259136212624697e-01 8.115804461319411800e+00
1.497732845195311135e+01 1.015685352500587779e+00 3.969368219527760200e+00 6.454505760252577318e+01 1.229301716320155835e-01 1.309710140059785743e+01
4.506369484991569863e+01 8.357320244465332726e-01 4.431391338378204203e+00 4.345038458303006479e+01 2.029896164410616710e-01 4.519170631974338548e+00
4.401674066468903135e+01 5.960334970041577529e-01 4.475149596178488842e+00 4.217612966177743772e+01 1.692876204508850513e-01 6.936873743568441775e+00
2.103172186013143730e+01 1.091009996412932503e+00 3.960438479534538647e+00 6.024965088131318680e+01 1.170873011038692929e-01 1.179378196494600317e+01
3.323338585720843241e+01 9.741523478709039896e-01 4.809021579528036661e+00 5.119118243143486779e+01 1.656246896214791375e-01 8.126884081507748547e+00
6.587497123363701235e+01 5.963097832708369461e-01 5.605041220506016941e+00 2.374815556849101839e+01 2.991701750348580990e-01 2.815042438846096395e+00
2.835850010196753246e+01 1.574733332742217051e+00 4.736170099573509873e+00 5.383309245351610883e+01 1.409811936407728283e-01 9.881096993287876273e+00
3.389372936168278017e+01 9.383507533518615773e-01 5.886431709548898716e+00 5.494495501486242972e+01 2.068804810539537353e-01 2.687741194791613442e+00
7.346125819771678778e+01 4.606914419885029810e-01 4.239332847542709004e+00 1.824548619544976091e+01 3.756780827463363504e-01 2.313173022427333692e+00
3.386161647371003625e+01 1.238315067580257223e+00 5.558483730454432781e+00 5.484511974215905639e+01 2.126460805874120508e-01 2.428769621296110959e+00
4.522692266360998303e+01 7.491594983087621618e-01 5.568035861405492781e+00 4.237714858841770393e+01 2.123642020479073189e-01 4.819388084065520772e+00
3.167489477406463649e+01 1.106159751165553207e+00 3.831391316886273657e+00 5.126511442676755337e+01 2.059887804777566500e-01 1.019301148730765938e+01
4.318997244669393609e+01 5.332258512121472727e-01 5.526519231150433420e+00 4.485109981961505099e+01 1.737774459340702959e-01 4.374169931876598305e+00
4.324379615801640853e+01 5.012172418731204449e-01 9.950696589676971016e+00 4.194267711380700092e+01 1.759374808207687935e-01 2.025326814099547956e+00
3.409694685459280095e+01 8.728881211312211619e-01 4.922591705599832501e+00 5.293667307918810394e+01 1.400285291769725049e-01 5.402876473898420961e+00
1.852716468590832122e+01 1.085270183244540609e+00 3.979202037351443177e+00 6.585826356770681400e+01 1.141619343129793435e-01 8.739974240384052351e+00
3.076325260911571391e+01 5.624860652517809090e-01 3.521217976621473955e+00 4.679166357005595245e+01 1.248553440422979222e-01 1.656732739491872763e+01
3.862773518245530369e+01 1.036013407232329042e+00 4.580941635715285898e+00 4.995429352615151686e+01 1.659433239724278641e-01 3.947639322391231165e+00
3.242001531444551432e+01 1.380380863601558206e+00 4.583097513067216688e+00 5.277615940340246681e+01 2.297166827579318615e-01 6.777890601591369801e+00
2.724828517843324960e+01 1.009875798392067869e+00 4.597885818458431473e+00 5.809933505580547575e+01 1.652524033732474806e-01 7.233071465106824860e+00
2.982080843049522656e+01 1.039115146368812415e+00 4.891842755587489933e+00 5.475902761901650706e+01 1.545881097793309067e-01 7.776761705694720916e+00
7.138476092138090223e+01 4.590828853282056254e-01 4.297448612085782216e+00 2.012112368651285621e+01 3.530455589527345395e-01 2.446278028014876149e+00
3.174911971515023268e+01 1.220733445081352286e+00 4.652139424198590945e+00 5.497069306504237574e+01 1.597254875216706227e-01 5.651410788828547638e+00
4.337506892860618279e+01 9.293197962956957214e-01 5.012812611502156734e+00 4.441370138505952525e+01 2.011093450971487839e-01 4.550585487690161912e+00
3.751793082965237858e+01 7.861128489007690456e-01 5.420850526918888690e+00 4.534514609018390985e+01 1.678810130155179436e-01 9.163733488365235047e+00
4.989468181608523878e+01 6.961762580526129618e-01 4.602020264141080119e+00 3.977214372472748494e+01 2.269337802309312480e-01 3.417844129087806326e+00
2.977821797650043578e+01 1.155445046270656251e+00 5.139983959812205683e+00 5.743972864965978431e+01 1.712025774605487327e-01 4.578807189129440403e+00
3.127331764474363496e+01 7.765031937486163161e-01 3.134711414678944319e+00 5.055921349328041714e+01 1.098747919348622842e-01 1.222972031125724612e+01
4.771338202835233488e+01 7.499943113295560737e-01 4.600541561426263470e+00 4.244840375907342889e+01 2.125287277857419443e-01 2.727376157644435306e+00
4.399518108576161524e+01 5.778932309314057658e-01 6.669302010390783408e+00 4.190572999021158296e+01 2.240042165499586124e-01 4.801031548829154616e+00
1.137372147915027476e+01 1.245213742460005379e+00 2.747442958300550853e+00 6.719276160503540041e+01 9.598741148701810111e-02 1.509729871492263342e+01
2.365008789826898195e+01 1.014038059308875805e+00 2.911549960862814590e+00 6.047914180493000202e+01 1.186947427852844128e-01 1.014519254212059352e+01
3.270389060719517715e+01 8.831189972326224380e-01 8.664333387595638314e+00 5.172961093928047660e+01 2.441803678984209858e-01 3.398176786586358578e+00
5.906809216168314691e+01 5.036876107712537909e-01 3.785947058487221906e+00 2.957292321765479670e+01 2.572751700874735814e-01 5.464524612657937652e+00
3.550818052963397520e+01 1.024891129368454168e+00 5.525304805700395505e+00 5.086872029707733134e+01 1.750909125892290141e-01 5.282871234423001994e+00
3.145464439891709674e+01 1.040142313602107293e+00 5.399182337016170230e+00 5.538340528279798036e+01 1.614289895368405670e-01 5.000640228287115185e+00
4.028455227346290002e+01 1.217016845156841498e+00 5.740300313823723855e+00 4.808286072137237710e+01 2.493702416301946390e-01 2.933618542338057189e+00
2.861796296969036391e+01 8.894297719814484582e-01 5.415894697327471974e+00 5.184364442184037358e+01 1.459173417614221258e-01 1.145905232438454391e+01
